# Created by Octave 3.2.4, Wed Feb 18 16:57:09 2015 EST <www-data@silas.psfc.mit.edu>
# name: x
# type: matrix
# rows: 7
# columns: 1
 0.4265392005055128
 0.03938660600638626
 0.3115052554277768
 0.7376745485785838
 0.2814736391280127
 0.1762944970607598
 0.910327423044336
# name: y
# type: matrix
# rows: 7
# columns: 1
 1.285106246400798
 0.5017236599463302
 1.411777500780852
 1.321882831293789
 0.7841927560748159
 0.7543762823325041
 1.707849175434857
