# Created by Octave 6.4.0, Tue Nov 26 00:50:31 2024 EST <www-data@silas>
# name: x
# type: matrix
# rows: 25
# columns: 1
 0.73482449896260027
 0.29374642122050121
 0.28933483648492897
 0.87183025539335612
 0.53866890380307164
 0.63883312290015981
 0.96606680805521683
 0.91949461071191607
 0.1344051912241272
 0.93666607285051995
 0.32183822307751164
 0.7643450542467306
 0.63288629921994677
 0.8719610229785475
 0.96071422393099626
 0.52411630458210956
 0.08146767469476035
 0.84228957813633609
 0.086613115301901744
 0.53830069783662493
 0.23356149640286261
 0.43172857405024534
 0.034236223901432883
 0.95996126132937953
 0.29580031270189766


# name: y
# type: matrix
# rows: 25
# columns: 1
 1.1389171025855291
 0.68963761942864132
 1.156410427170931
 2.2048131361802943
 1.0471359701406771
 1.821196553843369
 1.6162313681502241
 1.2897542423424682
 0.91905216669388867
 1.6907881245187129
 0.9129710875583732
 1.154792269856264
 1.6454541535209373
 1.7441920982602013
 2.139022637904795
 0.96694462056593466
 0.40905419023787482
 1.263396589893969
 0.53352310852016016
 1.6211271338196664
 0.69568109133902334
 1.3479424178656032
 0.50685828505566866
 1.6462713887154823
 1.336514690322764


